Date High Low Open Close Volume "Adj Close"
2021-08-02 146.95 145.25 146.36 145.52 62880000.00 145.30
2021-08-03 148.04 145.18 145.81 147.36 64786600.00 147.14
2021-08-04 147.79 146.28 147.27 146.95 56368300.00 146.73
2021-08-05 147.84 146.17 146.98 147.06 46397700.00 146.84
2021-08-06 147.11 145.63 146.35 146.14 54067400.00 146.14
2021-08-09 146.70 145.52 146.20 146.09 48908700.00 146.09
2021-08-10 147.71 145.30 146.44 145.60 69023100.00 145.60
2021-08-11 146.72 145.53 146.05 145.86 48493500.00 145.86
2021-08-12 149.05 145.84 146.19 148.89 72282600.00 148.89
2021-08-13 149.44 148.27 148.97 149.10 59318800.00 149.10
2021-08-16 151.19 146.47 148.54 151.12 103296000.00 151.12
2021-08-17 151.68 149.09 150.23 150.19 92229700.00 150.19
2021-08-18 150.72 146.15 149.80 146.36 86326000.00 146.36
2021-08-19 148.00 144.50 145.03 146.70 86960300.00 146.70
2021-08-20 148.50 146.78 147.44 148.19 59947400.00 148.19
2021-08-23 150.19 147.89 148.31 149.71 60131800.00 149.71
2021-08-24 150.86 149.15 149.45 149.62 48606400.00 149.62
2021-08-25 150.32 147.80 149.81 148.36 58991300.00 148.36
2021-08-26 149.12 147.51 148.35 147.54 48597200.00 147.54
2021-08-27 148.75 146.83 147.48 148.60 55721500.00 148.60
2021-08-30 153.49 148.61 149.00 153.12 90956700.00 153.12
2021-08-31 152.80 151.29 152.66 151.83 86453100.00 151.83
2021-09-01 154.98 152.34 152.83 152.51 80313700.00 152.51
2021-09-02 154.72 152.40 153.87 153.65 71115500.00 153.65
2021-09-03 154.63 153.09 153.76 154.30 57808700.00 154.30
2021-09-07 157.26 154.39 154.97 156.69 82278300.00 156.69
2021-09-08 157.04 153.98 156.98 155.11 74420200.00 155.11
2021-09-09 156.11 153.95 155.49 154.07 57305700.00 154.07
2021-09-10 155.48 148.70 155.00 148.97 140646400.00 148.97
2021-09-13 151.42 148.75 150.63 149.55 102404300.00 149.55
2021-09-14 151.07 146.91 150.35 148.12 109296300.00 148.12
2021-09-15 149.44 146.37 148.56 149.03 83281300.00 149.03
2021-09-16 148.97 147.22 148.44 148.79 68034100.00 148.79
2021-09-17 148.82 145.76 148.82 146.06 129728700.00 146.06
2021-09-20 144.84 141.27 143.80 142.94 123478900.00 142.94
2021-09-21 144.60 142.78 143.93 143.43 75834000.00 143.43
2021-09-22 146.43 143.70 144.45 145.85 76404300.00 145.85
2021-09-23 147.08 145.64 146.65 146.83 64838200.00 146.83
2021-09-24 147.47 145.56 145.66 146.92 53434200.00 146.92
