Date High Low Open Close Volume "Adj Close"
2021-08-02 359.40 350.74 358.10 351.95 13180400 351.95
2021-08-03 353.77 347.70 352.73 351.24 12406100 351.24
2021-08-04 360.48 351.51 352.42 358.92 14180600 358.92
2021-08-05 363.90 356.90 359.64 362.97 10247200 362.97
2021-08-06 365.15 361.40 361.40 363.51 8918100 363.51
2021-08-09 365.78 360.75 363.76 361.61 7798900 361.61
2021-08-10 364.10 359.04 361.83 361.13 7469900 361.13
2021-08-11 362.36 357.81 362.10 359.96 8400300 359.96
2021-08-12 363.00 357.11 358.45 362.65 7170700 362.65
2021-08-13 364.66 361.48 362.97 363.18 7192500 363.18
2021-08-16 366.95 357.38 362.52 366.56 11222100 366.56
2021-08-17 364.67 355.07 362.98 358.45 12328700 358.45
2021-08-18 359.86 355.15 356.25 355.45 10042400 355.45
2021-08-19 357.57 351.00 351.35 355.12 12004500 355.12
2021-08-20 359.99 353.31 354.60 359.37 8693500 359.37
2021-08-23 365.69 359.10 359.44 363.35 10942000 363.35
2021-08-24 367.96 361.84 363.66 365.51 9235100 365.51
2021-08-25 370.86 365.40 365.60 368.39 9684500 368.39
2021-08-26 369.44 364.13 368.38 364.38 7888700 364.38
2021-08-27 373.74 364.08 365.10 372.63 11214200 372.63
2021-08-30 381.49 370.52 372.56 380.66 13547300 380.66
2021-08-31 382.76 378.80 379.95 379.38 12345400 379.38
2021-09-01 384.33 378.81 379.59 382.05 11567200 382.05
2021-09-02 381.75 374.06 381.50 375.28 14832900 375.28
2021-09-03 377.16 373.11 374.75 376.26 7509600 376.26
2021-09-07 382.96 373.15 375.88 382.18 10793800 382.18
2021-09-08 380.87 374.79 380.16 377.57 11067200 377.57
2021-09-09 379.83 376.57 377.64 378.00 9098900 378.00
2021-09-10 383.79 378.26 381.36 378.69 11537600 378.69
2021-09-13 381.75 374.35 381.68 376.51 13026300 376.51
2021-09-14 378.59 375.11 377.40 376.53 8711600 376.53
2021-09-15 377.56 367.67 377.00 373.92 17940300 373.92
2021-09-16 373.56 369.71 372.79 373.06 11934200 373.06
2021-09-17 371.41 361.59 371.41 364.72 26274000 364.72
2021-09-20 361.03 349.80 359.30 355.70 19822800 355.70
2021-09-21 360.04 355.19 358.50 357.48 11751900 357.48
2021-09-22 349.84 340.69 347.23 343.21 43692900 343.21
2021-09-23 349.67 343.00 345.36 345.96 21806300 345.96
2021-09-24 354.35 342.37 343.24 352.96 18783900 352.96
