Date High Low Open Close Volume "Adj Close"
2021-08-02 519.85 510.51 519.00 515.15 2096600 515.15
2021-08-03 515.63 505.37 514.39 510.82 2579400 510.82
2021-08-04 517.98 510.37 513.00 517.35 2039400 517.35
2021-08-05 525.41 514.02 517.13 524.89 2556700 524.89
2021-08-06 526.84 519.39 524.00 520.55 1919400 520.55
2021-08-09 522.67 517.99 521.15 519.97 1367800 519.97
2021-08-10 520.79 512.97 520.00 515.84 1960500 515.84
2021-08-11 519.57 509.77 517.00 512.40 1673900 512.40
2021-08-12 513.00 507.20 511.86 510.72 1685700 510.72
2021-08-13 521.44 511.51 512.64 515.92 2176300 515.92
2021-08-16 523.38 512.30 515.24 517.92 2032800 517.92
2021-08-17 520.79 514.20 515.47 518.91 2309800 518.91
2021-08-18 526.38 518.65 520.00 521.87 2582000 521.87
2021-08-19 548.39 521.87 522.74 543.71 7497300 543.71
2021-08-20 551.39 539.10 545.09 546.88 3774300 546.88
2021-08-23 555.55 543.74 545.98 553.33 2602000 553.33
2021-08-24 555.31 549.27 551.48 553.41 2109500 553.41
2021-08-25 552.84 545.45 550.16 547.58 2065600 547.58
2021-08-26 552.60 545.90 546.16 550.12 1595500 550.12
2021-08-27 564.17 549.25 551.60 558.92 3251100 558.92
2021-08-30 567.16 556.45 557.25 566.18 2434800 566.18
2021-08-31 569.48 561.61 566.12 569.19 2431900 569.19
2021-09-01 591.00 569.00 569.00 582.07 5626200 582.07
2021-09-02 598.76 583.68 583.68 588.55 6179900 588.55
2021-09-03 591.88 583.14 585.80 590.53 2681200 590.53
2021-09-07 613.85 593.99 594.69 606.71 5821400 606.71
2021-09-08 615.60 595.71 603.84 606.05 5424500 606.05
2021-09-09 609.44 596.55 606.47 597.54 2954200 597.54
2021-09-10 609.45 593.67 598.16 598.72 3948000 598.72
2021-09-13 598.57 582.78 598.57 589.29 3062900 589.29
2021-09-14 587.28 575.56 584.89 577.76 3457000 577.76
2021-09-15 584.62 575.37 578.17 582.87 2755600 582.87
2021-09-16 587.48 577.72 584.30 586.50 1832000 586.50
2021-09-17 590.28 580.85 587.85 589.35 4143700 589.35
2021-09-20 591.53 568.08 586.79 575.43 3732200 575.43
2021-09-21 581.88 569.37 578.31 573.14 2250900 573.14
2021-09-22 595.65 579.69 579.69 590.65 4021800 590.65
2021-09-23 599.32 589.13 590.79 593.26 2526200 593.26
2021-09-24 592.98 583.64 592.50 592.39 2124800 592.39
